422 19
56 6
369 12
425 4
74 18
104 16
101 17
177 16
219 17
344 19
230 4
462 7
354 16
153 8
283 13
131 11
71 5
408 13
400 9
72 4
347 16
301 5
300 12
339 12
22 8
127 5
152 2
370 11
18 1
390 14
369 15
355 5
153 10
67 19
385 13
116 17
198 2
478 13
149 10
274 17
223 5
211 11
400 12
193 1
48 9
405 1
382 14
69 15
18 3
369 2
73 2
434 9
277 16
208 4
248 19
365 4
447 19
128 4
138 2
313 9
449 7
66 5
139 10
223 8
44 3
382 15
26 17
133 2
21 7
258 13
192 19
134 0
356 10
255 13
355 4
103 11
145 0
129 17
163 11
211 7
106 10
387 1
356 7
447 7
467 11
356 9
5 2
75 5
311 18
475 2
231 5
467 8
289 7
491 2
371 13
434 7
148 9
419 9
215 2
30 8
