1019 52
826 92
1018 84
1187 125
1857 62
900 52
1700 129
1700 94
1701 50
855 86
1045 83
1823 77
1419 94
1708 51
1485 63
1823 116
1306 92
1356 82
1034 81
1614 74
1661 60
1556 86
1152 98
1721 63
1615 60
1521 60
1412 129
1967 59
1645 113
1492 123
1004 92
947 116
920 109
1983 67
1280 102
1221 54
976 89
1094 80
908 64
1485 122
1193 57
1343 55
1275 66
1760 66
1769 61
1617 69
1453 64
1671 104
871 76
840 117
1489 119
1727 84
1469 104
1231 120
1387 62
1379 69
1223 78
1428 76
911 120
1748 68
1346 117
1703 71
1507 110
1921 54
1037 76
1402 58
1120 103
1198 56
1450 77
882 80
1202 114
1425 66
957 62
1124 94
1523 56
1984 103
1531 77
824 50
1859 92
1379 113
972 113
1705 118
1106 76
888 102
1946 93
1699 125
1828 95
1705 87
1903 94
1907 114
1739 102
1207 110
1450 89
1066 109
1344 109
1187 93
1786 80
1178 111
1771 104
1327 67
