629 27
1111 40
1084 59
1192 41
756 34
472 60
917 61
472 24
751 32
659 37
402 66
1147 21
713 33
830 23
1025 43
632 21
840 61
801 47
1105 26
967 66
852 66
1046 66
593 60
692 21
1109 68
1194 49
501 57
828 66
1079 35
857 23
497 24
813 30
681 69
788 25
443 22
1034 37
697 24
702 40
716 38
485 60
1145 63
906 20
735 42
739 65
477 34
1087 20
465 65
955 34
794 52
884 42
607 66
694 24
1032 47
499 40
426 41
944 35
417 61
1049 53
981 43
469 44
479 26
404 28
901 33
1188 67
929 30
483 69
672 67
719 21
550 56
793 23
1070 54
473 54
943 52
1018 28
891 61
694 23
929 46
572 69
626 46
1037 43
672 27
583 43
483 20
953 57
469 27
981 35
445 63
1187 21
873 32
754 42
1172 45
937 57
935 31
604 45
731 65
922 63
861 42
739 60
523 29
663 34
