1949 68
1712 66
808 101
1942 70
1441 112
933 88
1048 50
1246 118
1927 112
1492 111
1107 60
1652 75
1180 115
1011 97
1343 71
943 89
1946 68
1655 95
1647 65
1143 80
1106 118
1195 101
1949 84
1476 89
899 84
1433 72
944 128
1909 70
1183 72
1950 104
1494 83
1814 115
940 67
1578 80
1643 66
1288 105
1137 78
1373 115
848 95
1868 87
900 81
1083 111
1845 67
1672 73
1170 106
840 75
1358 82
1888 83
1063 67
1725 89
1168 76
1405 53
1889 62
1280 102
1381 119
1817 86
1265 122
1215 119
1524 120
1441 73
1929 77
1382 108
1849 121
1793 125
1790 105
803 95
1234 129
1403 55
1719 121
1032 67
1648 65
1872 71
1339 66
937 118
1794 67
1924 106
1511 116
1865 65
1597 107
1629 68
885 73
1889 100
1990 119
949 67
1302 82
889 109
1877 97
1651 113
1993 79
1004 64
979 89
1093 64
1760 53
1864 109
876 125
1433 61
977 71
891 110
1806 82
1391 95
