337 19
301 15
234 18
86 10
161 8
358 13
222 8
139 9
418 19
78 9
417 17
214 18
370 1
191 7
396 5
268 18
219 13
34 11
20 7
29 13
54 5
181 3
309 4
375 18
229 12
104 12
476 4
495 0
1 4
355 18
132 14
383 5
24 19
121 6
233 15
90 16
87 19
304 9
404 15
19 0
240 7
337 11
359 16
209 1
290 14
364 10
491 12
483 16
435 13
346 7
0 4
425 3
296 18
400 1
191 9
93 8
469 13
335 15
36 17
275 9
167 3
314 8
39 8
377 14
353 18
289 14
275 4
455 8
380 14
360 5
142 19
235 10
229 16
8 18
78 18
29 7
231 3
92 14
410 13
276 16
417 4
401 7
117 3
291 9
428 19
127 3
485 8
448 17
314 1
249 18
332 3
480 0
132 1
448 14
3 11
348 10
180 17
27 18
465 12
201 6
