935 57
864 29
1084 61
669 50
572 24
861 46
648 57
1127 51
950 41
960 21
881 47
674 57
1054 55
715 62
473 21
1170 39
830 63
916 62
867 37
1004 21
834 33
1026 38
1109 39
698 49
954 23
941 49
1110 38
981 20
822 38
705 41
912 23
1096 46
680 37
987 69
462 38
851 33
805 66
586 20
991 67
453 26
739 67
846 23
465 43
705 23
1020 26
732 37
502 41
921 43
426 35
856 34
674 55
565 33
904 40
1050 38
746 42
653 68
631 27
617 41
805 65
970 51
1141 23
866 65
751 32
585 68
679 20
529 45
673 56
695 38
816 55
853 39
634 53
1141 34
471 22
576 67
824 51
533 63
837 68
1109 55
735 45
1050 59
452 34
1064 68
624 27
764 40
640 48
481 33
914 47
993 57
553 57
504 24
1133 68
517 63
815 31
1146 43
778 62
978 56
1156 35
482 49
787 40
680 67
